tree
version=v4
num_class=1
num_tree_per_iteration=1
label_index=0
max_feature_idx=12
objective=binary sigmoid:1
feature_names=lightgcn_score cooccurrence_score segment_popularity_score known_hobby_compatibility age_group_fit occupation_fit region_fit popularity_prior mismatch_penalty popularity_penalty novelty_bonus category_diversity_reward is_cold_start
feature_infos=none [0:1] none [0:0.40718561410903931] [0:1] [0:0.6834532618522644] [0:0.40909090638160706] [0:1] [0:1] [0:1] [0:1] none -1:1:0
tree_sizes=941 1086 977 1086 1085 1085 879 880 982 879 982 1085 981 1082 1082 977 980 972 1076 976 1086 1089 986 1089 1080 987 867 977 1080 1078 1088 1084

Tree=0
num_leaves=8
num_cat=0
split_feature=1 1 1 5 6 4 1
split_gain=280.047 52.3628 31.468 6.97916 3.85259 2.56822 0.0630296
threshold=0.76556777954101574 0.96822822093963634 0.35714286565780645 0.0065548301208764323 0.15232906490564349 0.43369844555854803 0.15207373350858691
decision_type=2 2 2 2 2 2 2
left_child=2 3 5 -2 -4 6 -1
right_child=1 -3 4 -5 -6 -7 -8
leaf_value=-1.4477502106635978 -1.3437017669431552 -1.1699226716796933 -1.3619285391160618 -1.2817633556486323 -1.4020144428454047 -1.4172274251531056 -1.4353258399397861
leaf_weight=58.559998691082001 7.9999998211860719 11.19999974966049 14.879999667406084 12.479999721050261 9.7599997818469983 9.7599997818469983 8.1599998176097852
leaf_count=366 50 70 93 78 61 61 51
internal_value=-1.38629 -1.25681 -1.42695 -1.30539 -1.37801 -1.44277 -1.44638
internal_weight=132.8 31.68 101.12 20.48 24.64 76.48 66.72
internal_count=830 198 632 128 154 478 417
is_linear=0
shrinkage=1


Tree=1
num_leaves=9
num_cat=0
split_feature=1 1 1 5 6 4 4 1
split_gain=239.96 36.6418 30.0237 5.44669 3.52712 2.54531 1.39769 0.0715483
threshold=0.76556777954101574 0.96822822093963634 0.35714286565780645 0.0065548301208764323 0.037734320387244231 0.43369844555854803 0.35673727095127111 0.15207373350858691
decision_type=2 2 2 2 2 2 2 2
left_child=2 3 5 -2 -4 7 -6 -1
right_child=1 -3 4 -5 6 -7 -8 -9
leaf_value=-0.060672300034504294 0.039465121030618444 0.18159618703635586 0.034706219172215419 0.093363876430579654 0.0089182016972227159 -0.029966169414430817 -0.019677851719309806 -0.048038507195159917
leaf_weight=56.406337738037109 8.204676955938341 12.65334367752075 8.1170402467250842 13.264099538326262 8.3185510039329547 9.5790691375732404 8.3300982713699323 7.9204211533069602
leaf_count=366 50 70 50 78 52 61 52 51
internal_value=-5.94524e-05 0.114003 -0.0396301 0.0732758 0.00781698 -0.0555862 -0.00512327 -0.0592713
internal_weight=132.794 34.1221 98.6715 21.4688 24.7657 73.9058 16.6486 64.3268
internal_count=830 198 632 128 154 478 104 417
is_linear=0
shrinkage=0.05


Tree=2
num_leaves=8
num_cat=0
split_feature=1 1 1 5 6 4 1
split_gain=208.519 28.6711 27.4912 4.3469 3.24108 2.52749 0.0810044
threshold=0.76556777954101574 0.35714286565780645 0.96822822093963634 0.0065548301208764323 0.15232906490564349 0.43369844555854803 0.15207373350858691
decision_type=2 2 2 2 2 2 2
left_child=1 5 3 -2 -3 6 -1
right_child=2 4 -4 -5 -6 -7 -8
leaf_value=-0.059939573063330358 0.036655067970641483 0.021821861104159693 0.15754214472920713 0.08420998812215108 -0.014900072233551224 -0.029020898457107792 -0.047071779248135076
leaf_weight=54.295789271593094 8.3945371210575122 15.238267555832865 13.836908191442488 13.962148010730742 9.6406967192888242 9.4042967706918699 7.6869472414255133
leaf_count=366 50 93 70 78 61 61 51
internal_value=-0.000128735 -0.0386366 0.101979 0.0668194 0.00738912 -0.0547348 -0.0585027
internal_weight=132.46 96.266 36.1936 22.3567 24.879 71.387 61.9827
internal_count=830 632 198 128 154 478 417
is_linear=0
shrinkage=0.05


Tree=3
num_leaves=9
num_cat=0
split_feature=1 1 1 5 6 4 6 1
split_gain=183.082 27.3849 21.6999 3.53326 2.92002 2.51386 0.94916 0.0912855
threshold=0.76556777954101574 0.35714286565780645 0.96822822093963634 0.0065548301208764323 0.20132450759410861 0.43369844555854803 0.037734320387244231 0.15207373350858691
decision_type=2 2 2 2 2 2 2 2
left_child=1 5 3 -2 6 7 -3 -1
right_child=2 4 -4 -5 -6 -7 -8 -9
leaf_value=-0.059252879629516281 0.034116950976835168 0.030846749858282216 0.13981891841746394 0.076549866330648433 -0.017477331787834834 -0.028096592420970592 0.0062786984212500428 -0.046128283024957389
leaf_weight=52.232230961322784 8.5707969963550585 8.3889380097389274 14.796572178602217 14.584188491106032 7.9963562339544287 9.2356390506029111 8.6018138080835325 7.4598129093646994
leaf_count=366 50 50 70 78 51 61 53 51
internal_value=-0.000183003 -0.0376735 0.0923147 0.0612726 0.00697528 -0.0539183 0.0188109 -0.0577762
internal_weight=131.866 93.9148 37.9516 23.155 24.9871 68.9277 16.9908 59.692
internal_count=830 632 198 128 154 478 103 417
is_linear=0
shrinkage=0.05


Tree=4
num_leaves=9
num_cat=0
split_feature=1 1 1 5 6 4 6 1
split_gain=162.011 26.1748 17.8019 2.9158 2.63014 2.50363 0.825442 0.102296
threshold=0.76556777954101574 0.35714286565780645 0.96822822093963634 0.0065548301208764323 0.20132450759410861 0.43369844555854803 0.037734320387244231 0.15207373350858691
decision_type=2 2 2 2 2 2 2 2
left_child=1 5 3 -2 6 7 -3 -1
right_child=2 4 -4 -5 -6 -7 -8 -9
leaf_value=-0.058607956847812517 0.031813793174251988 0.028805703297662352 0.12616671971181193 0.070030711017902994 -0.016795711102968715 -0.027192697466870031 0.0059459466363377053 -0.045205353170064251
leaf_weight=50.218755125999451 8.7345629930496234 8.5372887551784569 15.566856414079664 15.138832390308378 7.9111049473285666 9.0730305314064008 8.6337872445583326 7.239188387989997
leaf_count=366 50 50 70 78 51 61 53 51
internal_value=-0.000222829 -0.0367353 0.0843415 0.0564479 0.00659917 -0.0531328 0.0177021 -0.0570877
internal_weight=131.053 91.6132 39.4403 23.8734 25.0822 66.531 17.1711 57.4579
internal_count=830 632 198 128 154 478 103 417
is_linear=0
shrinkage=0.05


Tree=5
num_leaves=9
num_cat=0
split_feature=1 1 1 4 5 6 6 1
split_gain=144.248 25.0264 15.0493 2.49612 2.43694 2.37062 0.719488 0.113953
threshold=0.76556777954101574 0.35714286565780645 0.96822822093963634 0.43369844555854803 0.0065548301208764323 0.20132450759410861 0.037734320387244231 0.15207373350858691
decision_type=2 2 2 2 2 2 2 2
left_child=1 3 4 7 -2 6 -3 -1
right_child=2 5 -4 -5 -6 -7 -8 -9
leaf_value=-0.058000988248674369 0.029715224805934068 0.026939025626529785 0.11529495124862817 -0.026308768917969905 0.064404206922242899 -0.016135389434972627 0.0056320084386577776 -0.044300622590616789
leaf_weight=48.257794171571732 8.8868349790573138 8.675646781921392 16.175366044044495 8.9163857698440534 15.633553236722944 7.8293359279632559 8.6640731543302518 7.0251907110214225
leaf_count=366 50 50 70 61 78 51 53 51
internal_value=-0.00025365 -0.0358209 0.0776262 -0.0523747 0.0522068 0.00624573 0.0166727 -0.0564334
internal_weight=130.064 89.3684 40.6958 64.1994 24.5204 25.1691 17.3397 55.283
internal_count=830 632 198 478 128 154 103 417
is_linear=0
shrinkage=0.05


Tree=6
num_leaves=7
num_cat=0
split_feature=1 1 1 3 1 7
split_gain=129.14 23.6683 10.4865 5.02192 2.23204 1.39084
threshold=0.57294833660125744 0.92509275674819957 0.083369515836238875 0.011940405238419773 0.37117347121238714 0.091119859367609038
decision_type=2 2 2 2 2 2
left_child=2 3 -1 -2 -4 -5
right_child=1 -3 4 5 -6 -7
leaf_value=-0.056666148622119265 0.0027059607085687058 0.096169662772687944 -0.0297657231432716 0.029469462224820199 0.00012147301224939688 0.057911971869943846
leaf_weight=49.539400264620781 11.661374151706697 23.139655783772469 13.505982771515848 9.8990652114152926 10.938243225216864 10.247801661491392
leaf_count=387 66 103 98 56 66 54
internal_value=-0.000277609 0.0576898 -0.0434175 0.0293264 -0.0162422 0.0443984
internal_weight=128.932 54.9479 73.9836 31.8082 24.4442 20.1469
internal_count=830 279 551 176 164 110
is_linear=0
shrinkage=0.05


Tree=7
num_leaves=7
num_cat=0
split_feature=1 1 7 3 1 1
split_gain=117.471 25.1318 6.28402 5.12657 3.15973 0.733769
threshold=0.42705167829990393 0.92509275674819957 0.018223971128463749 0.015570703893899919 0.79246413707733165 0.1023024618625641
decision_type=2 2 2 2 2 2
left_child=2 3 5 -2 -5 -1
right_child=1 -3 -4 4 -6 -7
leaf_value=-0.057027262957897479 0.0010841404745686135 0.089027362832023366 -0.010209441930538821 0.020286946445623923 0.058327464678359635 -0.038943730481727237
leaf_weight=45.249027393758297 15.711534485220907 23.737754613161087 10.043004058301447 12.402900144457819 10.800911769270895 9.8275432735681516
leaf_count=369 89 103 71 74 53 71
internal_value=-0.000293091 0.0485047 -0.0473217 0.0234936 0.0383829 -0.0539676
internal_weight=127.773 62.6531 65.1196 38.9153 23.2038 55.0766
internal_count=830 319 511 216 127 440
is_linear=0
shrinkage=0.05


Tree=8
num_leaves=8
num_cat=0
split_feature=1 1 7 1 5 7 1
split_gain=107.205 22.2149 6.15825 5.11868 3.17208 1.17596 0.757523
threshold=0.42705167829990393 0.96822822093963634 0.018223971128463749 0.79246413707733165 0.0041272670496255168 0.10060926526784898 0.1023024618625641
decision_type=2 2 2 2 2 2 2
left_child=2 3 6 4 -2 -5 -1
right_child=1 -3 -4 5 -6 -7 -8
leaf_value=-0.05650858362948076 0.030500455961541158 0.093938104342599554 -0.0097699935809573406 0.030987663703798254 -0.0070249901433705499 0.055226197773504786 -0.038006845499773775
leaf_weight=43.428166180849075 9.9749431312084216 17.19789445400238 9.9762379825115186 12.297758817672731 12.354865387082098 11.719968259334562 9.5752451568841916
leaf_count=369 59 70 71 61 73 56 71
internal_value=-0.00030965 0.0454341 -0.0465425 0.0271649 0.00957632 0.0432026 -0.0533382
internal_weight=126.525 63.5454 62.9796 46.3475 22.3298 24.0177 53.0034
internal_count=830 319 511 249 132 117 440
is_linear=0
shrinkage=0.05


Tree=9
num_leaves=7
num_cat=0
split_feature=1 1 7 1 4 1
split_gain=98.1525 22.0648 4.34834 4.31019 3.59217 0.0457198
threshold=0.37117347121238714 0.92509275674819957 0.038092413917183883 0.73877552151680004 0.43369844555854803 0.15207373350858691
decision_type=2 2 2 2 2 2
left_child=4 2 -2 -4 5 -1
right_child=1 -3 3 -5 -6 -7
leaf_value=-0.05593237149890206 -0.00048159945294125772 0.07790524034600968 0.010026138454202966 0.051112112848021474 -0.017992426178191492 -0.043437301918851257
leaf_weight=41.115046657621861 17.59688264131546 24.512710690498352 12.868400380015375 13.446471720933912 8.588315621018408 7.0384629145264617
leaf_count=366 98 103 78 66 64 55
internal_value=-0.000321768 0.0399324 0.0184925 0.0313237 -0.0489368 -0.0543034
internal_weight=125.166 68.4245 43.9118 26.3149 56.7418 48.1535
internal_count=830 345 242 144 485 421
is_linear=0
shrinkage=0.05


Tree=10
num_leaves=8
num_cat=0
split_feature=1 1 1 4 6 6 1
split_gain=90.1571 20.2068 4.81093 3.56422 2.48037 1.81444 0.0612542
threshold=0.37117347121238714 0.96822822093963634 0.76556777954101574 0.43369844555854803 0.15232906490564349 0.18333333730697635 0.15207373350858691
decision_type=2 2 2 2 2 2 2
left_child=3 2 4 6 -2 -4 -1
right_child=1 -3 5 -5 -6 -7 -8
leaf_value=-0.055467734270333358 0.017278778111966504 0.084033322728338855 0.024531927842337809 -0.01731741504904391 -0.015603403820895912 0.052148131414249392 -0.042588842420261765
leaf_weight=39.429979160428047 15.811806142330171 17.462649345397949 15.951035857200624 8.4835448712110502 8.7512868940830213 11.081337437033651 6.8271431997418395
leaf_count=366 91 70 76 64 56 52 55
internal_value=-0.000337205 0.0375881 0.0216397 -0.0482544 0.00534509 0.0361874 -0.0537708
internal_weight=123.799 69.0581 51.5955 54.7407 24.5631 27.0324 46.2571
internal_count=830 345 275 485 147 128 421
is_linear=0
shrinkage=0.05


Tree=11
num_leaves=9
num_cat=0
split_feature=1 1 1 4 3 6 7 1
split_gain=82.9731 18.308 4.26464 3.53687 1.99918 0.863094 0.412108 0.0769016
threshold=0.37117347121238714 0.96822822093963634 0.79246413707733165 0.43369844555854803 0.034121355041861541 0.16650530695915225 0.039979510009288795 0.15207373350858691
decision_type=2 2 2 2 2 2 2 2
left_child=3 2 4 7 6 -4 -2 -1
right_child=1 -3 5 -5 -6 -7 -8 -9
leaf_value=-0.055024921814445217 0.0080341719032135522 0.079681876237367277 0.025133550511284332 -0.016661413253624476 -0.011589240979105532 0.045523544062159332 0.024782604449497404 -0.041751432425552827
leaf_weight=37.801942348480225 8.8512891083955818 17.499689161777496 13.177826061844828 8.3832318857312185 9.6369865536689741 11.986801132559775 8.369388133287428 6.6230946108698836
leaf_count=366 51 70 62 64 57 55 50 55
internal_value=-0.000345489 0.0354815 0.0203928 -0.0475841 0.00626781 0.0351857 0.0165588 -0.0532566
internal_weight=122.33 69.522 52.0223 52.8083 26.8577 25.1646 17.2207 44.425
internal_count=830 345 275 485 158 117 101 421
is_linear=0
shrinkage=0.05


Tree=12
num_leaves=8
num_cat=0
split_feature=1 1 1 4 6 6 1
split_gain=76.4552 16.6856 3.79292 3.50973 2.22361 1.42652 0.0926433
threshold=0.37117347121238714 0.96822822093963634 0.76556777954101574 0.43369844555854803 0.15232906490564349 0.18333333730697635 0.15207373350858691
decision_type=2 2 2 2 2 2 2
left_child=3 2 4 6 -2 -4 -1
right_child=1 -3 5 -5 -6 -7 -8
leaf_value=-0.054601987479349516 0.015899551860447485 0.075816112004839425 0.02160275432452112 -0.016024233164648242 -0.015221896632183827 0.045866220104199662 -0.040923769845378266
leaf_weight=36.230559028685093 16.015942797064785 17.477807402610779 16.256364807486538 8.2872236520051938 8.7006945013999921 11.449446633458136 6.4262480959296218
leaf_count=366 91 70 76 64 56 52 55
internal_value=-0.000348691 0.0335431 0.0192364 -0.0469242 0.00472558 0.0319384 -0.0527588
internal_weight=120.844 69.9003 52.4224 50.944 24.7166 27.7058 42.6568
internal_count=830 345 275 485 147 128 421
is_linear=0
shrinkage=0.05


Tree=13
num_leaves=9
num_cat=0
split_feature=1 1 4 1 3 7 7 1
split_gain=70.5166 15.2831 3.48244 3.37326 1.76606 0.76245 0.387808 0.108459
threshold=0.37117347121238714 0.96822822093963634 0.43369844555854803 0.79246413707733165 0.034121355041861541 0.10060926526784898 0.039979510009288795 0.15207373350858691
decision_type=2 2 2 2 2 2 2 2
left_child=2 3 7 4 6 -5 -2 -1
right_child=1 -3 -4 5 -6 -7 -8 -9
leaf_value=-0.054197123695067011 0.0069218796401728372 0.0723504941322861 -0.01540568640796636 0.021522855982739449 -0.011301660899882571 0.040406141166184073 0.023012071672568128 -0.04010471986342249
leaf_weight=34.715246744453907 8.9478832781314903 17.405713796615601 8.1953680142760259 13.083408042788507 9.5918641388416273 12.655181393027304 8.4973203837871534 6.2365113422274581
leaf_count=366 51 70 64 61 57 56 50 55
internal_value=-0.000353269 0.0317526 -0.0462729 0.0181571 0.005562 0.0311214 0.0151307 -0.0522757
internal_weight=119.328 70.1814 49.1471 52.7757 27.0371 25.7386 17.4452 40.9518
internal_count=830 345 485 275 158 117 101 421
is_linear=0
shrinkage=0.05


Tree=14
num_leaves=9
num_cat=0
split_feature=1 1 4 3 3 4 6 1
split_gain=65.1017 14.0554 3.4547 3.258 6.24396 2.56133 1.05921 0.124324
threshold=0.37117347121238714 0.96822822093963634 0.43369844555854803 0.011365194804966451 0.034121355041861541 0.35192480683326727 0.057417582720518119 0.15207373350858691
decision_type=2 2 2 2 2 2 2 2
left_child=2 3 7 6 -5 -6 -2 -1
right_child=1 -3 -4 4 5 -7 -8 -9
leaf_value=-0.053808670001694384 0.012298421208347806 0.069218113588154301 -0.014805568567321091 0.055362094384804716 0.026081361011846008 -0.0086593613714012717 -0.010467803450891745 -0.039293318953838939
leaf_weight=33.255240947008133 10.423465773463251 17.29104682803154 8.1075151637196523 12.085864275693892 11.240320950746538 9.6106934994459134 9.7456665933132154 6.0537714287638655
leaf_count=366 54 70 64 60 58 49 54 55
internal_value=-0.000353374 0.0300928 -0.0456288 0.0171536 0.0268281 0.00986504 0.0010538 -0.0518055
internal_weight=117.814 70.3971 47.4165 53.106 32.9369 20.851 20.1691 39.309
internal_count=830 345 485 275 167 107 108 421
is_linear=0
shrinkage=0.05


Tree=15
num_leaves=8
num_cat=0
split_feature=1 1 1 6 3 6 1
split_gain=60.1657 13.2716 3.14041 2.77717 1.72552 1.27923 0.736227
threshold=0.35714286565780645 0.96822822093963634 0.76556777954101574 0.20741260796785357 0.034121355041861541 0.18333333730697635 0.1023024618625641
decision_type=2 2 2 2 2 2 2
left_child=3 2 4 6 -2 -4 -1
right_child=1 -3 5 -5 -6 -7 -8
leaf_value=-0.053763921660030183 0.012659262345143876 0.066365876351025269 0.017619741397338986 -0.01117940211766081 -0.014040505241573634 0.040207461163998225 -0.031576580716351922
leaf_weight=33.09213737398386 16.779185414314274 17.140515595674515 16.655726283788685 5.5269790589809409 9.2321615368127805 11.757820442318915 6.1748370453715316
leaf_count=371 98 70 76 50 56 52 57
internal_value=-0.000358473 0.0280308 0.0157663 -0.0457875 0.00297379 0.0272504 -0.050491
internal_weight=116.359 71.5654 54.4249 44.794 26.0113 28.4135 39.267
internal_count=830 352 282 478 154 128 428
is_linear=0
shrinkage=0.05


Tree=16
num_leaves=8
num_cat=0
split_feature=1 1 1 6 5 6 1
split_gain=55.6541 12.2799 2.80044 2.73989 1.69342 1.1237 0.754837
threshold=0.35714286565780645 0.96822822093963634 0.76556777954101574 0.20741260796785357 0.0020748403621837501 0.18333333730697635 0.1023024618625641
decision_type=2 2 2 2 2 2 2
left_child=3 2 4 6 -2 -4 -1
right_child=1 -3 5 -5 -6 -7 -8
leaf_value=-0.053393140848390752 0.018842703239251669 0.063751107637313828 0.016643934270932529 -0.010719467331873721 -0.0071150347090256603 0.037781370182490032 -0.030751813738247976
leaf_weight=31.691971309483051 10.118370011448862 16.960010379552841 16.753871276974682 5.4813966900110236 15.935731582343577 11.890066310763357 6.0298378691077223
leaf_count=371 59 70 76 50 95 52 57
internal_value=-0.000358809 0.0266111 0.0149086 -0.0451654 0.00280824 0.0256929 -0.049997
internal_weight=114.861 71.658 54.698 43.2032 26.0541 28.6439 37.7218
internal_count=830 352 282 478 154 128 428
is_linear=0
shrinkage=0.05


Tree=17
num_leaves=8
num_cat=0
split_feature=1 1 3 3 1 1 6
split_gain=51.5122 11.389 2.74003 5.47142 2.87245 2.71337 0.748163
threshold=0.35714286565780645 0.96822822093963634 0.011365194804966451 0.034121355041861541 0.79246413707733165 0.083369515836238875 0.057417582720518119
decision_type=2 2 2 2 2 2 2
left_child=5 2 6 -4 -5 -1 -2
right_child=1 -3 3 4 -6 -7 -8
leaf_value=-0.051676687556190648 0.0091914436949777356 0.061339132297643609 0.049142179256404205 -0.012306876410528772 0.024174761680291177 -0.02021232942362353 -0.0095288034778458
leaf_weight=31.985524788498878 10.753489449620249 16.754700690507889 12.47987240552902 9.8090938031673449 11.504468217492102 9.6882414445281011 10.401071712374685
leaf_count=387 55 70 60 59 50 91 58
internal_value=-0.000357606 0.0252823 0.0141056 0.0229185 0.00717234 -0.0445475 0
internal_weight=113.376 71.7027 54.948 33.7934 21.3136 41.6738 21.1546
internal_count=830 352 282 169 109 478 113
is_linear=0
shrinkage=0.05


Tree=18
num_leaves=9
num_cat=0
split_feature=1 1 6 7 3 6 6 1
split_gain=47.6851 10.5854 2.76545 2.56866 3.70827 3.40386 3.31262 0.775225
threshold=0.35714286565780645 0.96822822093963634 0.20741260796785357 0.038092413917183883 0.011365194804966451 0.18333333730697635 0.057417582720518119 0.1023024618625641
decision_type=2 2 2 2 2 2 2 2
left_child=2 3 7 6 -5 -6 -2 -1
right_child=1 -3 -4 4 5 -7 -8 -9
leaf_value=-0.052702071605591899 0.018497730577893817 0.059101497004157316 -0.0089366175433754306 -0.0010782100122205191 0.014524031281051814 0.05445881736372097 -0.020495084303183871 -0.02939338021539406
leaf_weight=29.092576488852501 11.324188247323038 16.52911975979805 5.3086356446146956 11.191291227936743 11.811973765492441 10.528164744377134 10.309685677289961 5.8003735169768325
leaf_count=371 58 70 50 60 57 51 56 57
internal_value=-0.000355935 0.0240327 -0.0439257 0.0133467 0.0219923 0.0337256 0 -0.0490653
internal_weight=111.896 71.6944 40.2016 55.1653 33.5314 22.3401 21.6339 34.893
internal_count=830 352 478 282 168 108 114 428
is_linear=0
shrinkage=0.05


Tree=19
num_leaves=8
num_cat=0
split_feature=1 1 7 7 3 1 1
split_gain=44.165 9.95729 2.82149 2.80016 2.29823 0.989916 0.701966
threshold=0.35714286565780645 0.90352505445480358 0.038092413917183883 0.018223971128463749 0.021642597392201427 0.97825059294700634 0.1023024618625641
decision_type=2 2 2 2 2 2 2
left_child=3 2 -2 6 -4 -3 -1
right_child=1 5 4 -5 -6 -7 -8
leaf_value=-0.052329940993047601 -0.0073188357271080631 0.034105835680566653 0.0015217237850958778 -0.007875690037330808 0.031386459318242771 0.055681128196875346 -0.030003653765095825
leaf_weight=27.6315997838974 17.538360722362995 11.964451402425766 11.996553212404253 5.21201517432928 14.829600512981413 15.356542199850082 5.9473403319716445
leaf_count=369 96 51 64 50 75 66 59
internal_value=-0.00035688 0.022846 0.00804917 -0.0433127 0.018272 0.046574 -0.0486249
internal_weight=110.476 71.6855 44.3645 38.791 26.8262 27.321 33.5789
internal_count=830 352 235 478 139 117 428
is_linear=0
shrinkage=0.05


Tree=20
num_leaves=9
num_cat=0
split_feature=1 1 4 1 6 6 8 1
split_gain=40.9242 9.25102 2.83879 2.08801 1.67371 0.902386 0.447179 0.25067
threshold=0.35714286565780645 0.96822822093963634 0.43369844555854803 0.76556777954101574 0.20132450759410861 0.18333333730697635 0.32496012747287756 0.15207373350858691
decision_type=2 2 2 2 2 2 2 2
left_child=2 3 7 4 6 -5 -2 -1
right_child=1 -3 -4 5 -6 -7 -8 -9
leaf_value=-0.051804862679106049 0.017449434134082984 0.055146277267311805 -0.012196265341157107 0.013078073602358435 -0.017323078285891861 0.031819491072177929 0.0012296484984971694 -0.033762229013024017
leaf_weight=25.787656091153625 9.5368164032697731 16.044359803199768 6.7771329656243315 17.077378779649738 7.9454151690006247 12.136871650815008 8.9126569479703885 4.8726079389452925
leaf_count=366 53 70 61 76 51 52 50 51
internal_value=-0.000354248 0.0217298 -0.0427006 0.011917 0.00150474 0.0211166 0.00993232 -0.0492191
internal_weight=109.091 71.6535 37.4374 55.6091 26.3949 29.2143 18.4495 30.6603
internal_count=830 352 478 282 154 128 103 417
is_linear=0
shrinkage=0.05


Tree=21
num_leaves=9
num_cat=0
split_feature=1 1 4 7 6 3 6 1
split_gain=37.9496 8.62567 2.80963 2.02889 3.02704 2.97402 2.91602 0.266401
threshold=0.35714286565780645 0.96822822093963634 0.43369844555854803 0.038092413917183883 0.057417582720518119 0.011365194804966451 0.18333333730697635 0.15207373350858691
decision_type=2 2 2 2 2 2 2 2
left_child=2 3 7 4 -2 -5 -7 -1
right_child=1 -3 -4 5 -6 6 -8 -9
leaf_value=-0.051492118552335521 0.016913229197926451 0.053300241954284566 -0.011702268161187225 -0.0017480269808128634 -0.020317953978426076 0.011603100999366773 0.048135654665171494 -0.032979169210326474
leaf_weight=24.675805874168876 11.457108393311502 15.780265957117079 6.7158801034092894 11.236442446708677 10.233166441321371 12.038909137248995 10.800640031695364 4.744550257921218
leaf_count=366 58 70 61 60 56 57 51 51
internal_value=-0.000348905 0.0206944 -0.0420929 0.0112995 -0.000435092 0.0188946 0.0292315 -0.0487978
internal_weight=107.683 71.5465 36.1362 55.7663 21.6903 34.076 22.8395 29.4204
internal_count=830 352 478 282 114 168 108 417
is_linear=0
shrinkage=0.05


Tree=22
num_leaves=8
num_cat=0
split_feature=1 1 6 7 3 1 1
split_gain=35.1874 8.09845 2.84526 2.3442 1.80439 0.849717 0.811928
threshold=0.35714286565780645 0.90352505445480358 0.20741260796785357 0.038092413917183883 0.021642597392201427 0.1023024618625641 0.97825059294700634
decision_type=2 2 2 2 2 2 2
left_child=2 3 5 -2 -5 -1 -3
right_child=1 6 -4 4 -6 -7 -8
leaf_value=-0.051510728362451214 -0.0074955424748263111 0.030299907651577251 -0.0051505869443858546 0.00084602736926520225 0.027173954349868669 -0.026326228276069105 0.050116714074973312
leaf_weight=24.609896197915081 17.537950254976749 12.051958471536636 4.962045229971408 12.042821988463404 15.194344505667685 5.3169444650411597 14.616672724485397
leaf_count=371 96 51 50 64 75 57 66
internal_value=-0.000348347 0.0197002 -0.0414847 0.00654427 0.0157617 -0.0473054 0.0414946
internal_weight=106.333 71.4437 34.8889 44.7751 27.2372 29.9268 26.6686
internal_count=830 352 478 235 139 428 117
is_linear=0
shrinkage=0.05


Tree=23
num_leaves=9
num_cat=0
split_feature=1 1 7 1 3 1 7 6
split_gain=32.6329 7.57718 2.87471 1.71691 1.64032 0.762397 0.375439 0.186833
threshold=0.35714286565780645 0.96822822093963634 0.018223971128463749 0.79246413707733165 0.034121355041861541 0.1023024618625641 0.10060926526784898 0.054294547066092498
decision_type=2 2 2 2 2 2 2 2
left_child=2 3 5 4 7 -1 -5 -2
right_child=1 -3 -4 6 -6 -7 -8 -9
leaf_value=-0.051156783871054878 0.0045368948479587992 0.049983104665081698 -0.0041428878389869741 0.012453133855852439 -0.014552050623390413 -0.027172020704856598 0.025516860994138874 0.015544975385595784
leaf_weight=23.34065264090896 9.5906770974397713 15.246560007333754 4.8800633475184432 13.748322278261186 10.079658225178717 5.4761885851621619 13.361786082386969 9.3091021105647069
leaf_count=369 50 70 50 61 59 59 56 56
internal_value=-0.000344091 0.0187597 -0.0408705 0.0101096 0.00144758 -0.0468815 0.0191457 0.0102754
internal_weight=105.033 71.3361 33.6969 56.0895 28.9794 28.8168 27.1101 18.8998
internal_count=830 352 478 282 165 428 117 106
is_linear=0
shrinkage=0.05


Tree=24
num_leaves=9
num_cat=0
split_feature=1 1 4 3 3 4 6 1
split_gain=30.2773 7.07775 2.87131 1.67243 4.80398 2.1992 0.538732 0.288238
threshold=0.35714286565780645 0.96822822093963634 0.43369844555854803 0.011365194804966451 0.034121355041861541 0.35192480683326727 0.057417582720518119 0.15207373350858691
decision_type=2 2 2 2 2 2 2 2
left_child=2 3 7 6 -5 -6 -2 -1
right_child=1 -3 -4 4 5 -7 -8 -9
leaf_value=-0.050619922068542933 0.0061986601516032611 0.048403068998509054 -0.00907835781962287 0.0403004712761105 0.016419457632731692 -0.015215543517337816 -0.0095419824698901728 -0.031238769806564304
leaf_weight=21.68256983906031 10.99639403820038 14.967466443777083 6.3981191813945761 12.999606102705 11.882065959274771 9.9835660606622678 10.355138145387171 4.4744499772787085
leaf_count=366 55 70 61 60 59 50 58 51
internal_value=-0.000336678 0.01788 -0.0402547 0.0095931 0.0163372 0.00174418 -0.0012111 -0.0476266
internal_weight=103.739 71.1842 32.5551 56.2168 34.8652 21.8656 21.3515 26.157
internal_count=830 352 478 282 169 109 113 417
is_linear=0
shrinkage=0.05


Tree=25
num_leaves=8
num_cat=0
split_feature=1 1 1 7 6 3 6
split_gain=28.0854 6.61995 2.87662 1.56472 2.75783 2.33108 2.52788
threshold=0.35714286565780645 0.96822822093963634 0.083369515836238875 0.038092413917183883 0.057417582720518119 0.011365194804966451 0.18333333730697635
decision_type=2 2 2 2 2 2 2
left_child=2 3 -1 4 -2 -5 -7
right_child=1 -3 -4 5 -6 6 -8
leaf_value=-0.048826883221315474 0.015160768488085487 0.046893942071281482 -0.013530087107493528 -0.0025358834134144642 -0.020312283597874348 0.0084490267466355851 0.042076310548932787
leaf_weight=23.066288277506832 11.596513941884043 14.687100887298582 8.3929368481039983 11.301248803734778 10.171184219419954 12.250452786684038 11.048195570707319
leaf_count=387 58 70 91 60 56 57 51
internal_value=-0.000335368 0.0170282 -0.0396413 0.00908856 -0.00120283 0.015692 0.0247204
internal_weight=102.514 71.0547 31.4592 56.3676 21.7677 34.5999 23.2986
internal_count=830 352 478 282 114 168 108
is_linear=0
shrinkage=0.05


Tree=26
num_leaves=7
num_cat=0
split_feature=1 1 4 4 3 1
split_gain=26.2815 7.84345 3.62621 1.93129 2.25472 1.13443
threshold=0.083369515836238875 0.90352505445480358 0.16794390231370929 0.35384629666805273 0.018021936528384689 0.96822822093963634
decision_type=2 2 2 2 2 2
left_child=-1 2 -2 -4 -5 -3
right_child=1 5 3 4 -6 -7
leaf_value=-0.048452583802156023 -0.024844242149771933 0.022636291255180341 0.02162545079940488 0.015164864399283202 -0.01380309789551103 0.04544818719840233
leaf_weight=22.107329376041889 9.9790684282779676 11.279548794031143 16.795345112681389 12.75507600605488 13.968857906758783 14.406969457864761
leaf_count=387 73 47 96 76 81 70
internal_value=-0.000329236 0.0130872 0.00206563 0.00839356 0 0.0357515
internal_weight=101.292 79.1849 53.4983 43.5193 26.7239 25.6865
internal_count=830 443 326 253 157 117
is_linear=0
shrinkage=0.05


Tree=27
num_leaves=8
num_cat=0
split_feature=1 1 4 4 6 1 10
split_gain=24.6015 7.19536 3.30372 1.7208 2.09988 1.11309 0.414663
threshold=0.083369515836238875 0.90352505445480358 0.16794390231370929 0.35384629666805273 0.049037771299481399 0.96822822093963634 0.2438536733388901
decision_type=2 2 2 2 2 2 2
left_child=-1 2 -2 -4 -5 -3 -6
right_child=1 5 3 4 6 -7 -8
leaf_value=-0.048078850737078432 -0.023948686991306697 0.021440238422244115 0.020348833106671432 0.019561489804111085 -0.00097416710556001782 0.044059333583527351 -0.016997698805664218
leaf_weight=21.189264569431543 9.8419189006090146 11.317898482084274 16.958511505275965 9.0049540027976054 8.1621213406324404 14.128364264965057 9.5721206963062269
leaf_count=387 73 47 96 51 42 70 64
internal_value=-0.000321014 0.0124722 0.00195152 0.00794048 0 0.0343179 -0.0099501
internal_weight=100.175 78.9859 53.5396 43.6977 26.7392 25.4463 17.7342
internal_count=830 443 326 253 157 117 106
is_linear=0
shrinkage=0.05


Tree=28
num_leaves=9
num_cat=0
split_feature=1 1 4 4 4 3 1 5
split_gain=23.0336 6.60269 3.0091 1.53579 2.03599 2.44432 1.0889 0.00757249
threshold=0.083369515836238875 0.90352505445480358 0.16794390231370929 0.35384629666805273 0.43063448369503027 0.020717776380479339 0.96822822093963634 0.0039748265407979497
decision_type=2 2 2 2 2 2 2 2
left_child=7 2 -2 -4 -5 -6 -3 -1
right_child=1 6 3 4 5 -7 -8 -9
leaf_value=-0.04953039137579545 -0.023077651712076382 0.020315626181287544 0.019161544021718931 -0.019511738669602225 0.029410629321435362 -0.0071513340534856435 0.04272179664625507 -0.032001643610379375
leaf_weight=17.717211998999122 9.7099192887544614 11.351832807064056 17.110975235700607 8.8271704614162463 8.3493593186140078 9.5509610027074796 13.852384388446808 2.5934404060244551
leaf_count=349 73 47 96 49 51 57 70 38
internal_value=-0.000315317 0.0118883 0.00183972 0.00751251 0 0.00969337 0.032948 -0.0477049
internal_weight=99.0633 78.7526 53.5484 43.8385 26.7275 17.9003 25.2042 20.3107
internal_count=830 443 326 253 157 108 117 387
is_linear=0
shrinkage=0.05


Tree=29
num_leaves=9
num_cat=0
split_feature=1 1 4 4 10 3 1 6
split_gain=21.5789 6.06198 2.73953 1.37313 1.91197 1.2754 1.06218 0.0201032
threshold=0.083369515836238875 0.90352505445480358 0.16794390231370929 0.35384629666805273 0.21204669028520587 0.020966830663383011 0.96822822093963634 0.045419214293360717
decision_type=2 2 2 2 2 2 2 2
left_child=7 2 -2 -4 -5 -6 -3 -1
right_child=1 6 3 4 5 -7 -8 -9
leaf_value=-0.049246799622118392 -0.022230706907218178 0.019256948631117151 0.018055508015178034 0.020787264057629609 0.0034867747103001639 -0.021976225548615759 0.04143074756156797 -0.031133032867862388
leaf_weight=16.964968163520101 9.582960940897463 11.381816536188126 17.253532286733389 7.7412903606891659 9.8808381706476229 9.1323048919439298 13.579963803291321 2.5106158033013335
leaf_count=349 73 47 96 38 60 59 70 38
internal_value=-0.00031407 0.0113264 0.0017317 0.00710156 0 -0.00853289 0.0316369 -0.0473381
internal_weight=98.0283 78.5527 53.5909 44.008 26.7544 19.0131 24.9618 19.4756
internal_count=830 443 326 253 157 119 117 387
is_linear=0
shrinkage=0.05


Tree=30
num_leaves=9
num_cat=0
split_feature=1 1 4 1 5 3 4 5
split_gain=20.2283 5.56509 2.16511 1.67764 1.97128 1.93145 0.810834 0.0299777
threshold=0.083369515836238875 0.96822822093963634 0.16794390231370929 0.76556777954101574 0.00038410152774304157 0.022235563024878505 0.35384629666805273 0.0039748265407979497
decision_type=2 2 2 2 2 2 2 2
left_child=7 2 -2 4 -4 -6 -5 -1
right_child=1 -3 3 6 5 -7 -8 -9
leaf_value=-0.048958549512298034 -0.015647624412771972 0.040182035056218618 0.020439292488910181 0.027695747058323492 0.0076451157730698244 -0.023688721833239265 0.0093871882020415583 -0.030361968545202796
leaf_weight=16.236744783818725 10.688569650053976 13.311886042356489 8.1967563852667826 11.710505872964861 9.0509330630302447 10.157203130424021 15.174898028373716 2.4402236975729457
leaf_count=349 78 70 55 49 58 67 66 38
internal_value=-0.000306995 0.0108068 0.00465948 0.00877085 0 -0.00870204 0.0176202 -0.0469698
internal_weight=96.9677 78.2908 64.9789 54.2903 27.4049 19.2081 26.8854 18.677
internal_count=830 443 373 295 180 125 115 387
is_linear=0
shrinkage=0.05


Tree=31
num_leaves=9
num_cat=0
split_feature=1 1 4 1 5 3 4 6
split_gain=18.9665 5.17538 1.96377 1.50868 1.7678 1.77247 0.72317 0.0423035
threshold=0.083369515836238875 0.96822822093963634 0.16794390231370929 0.76556777954101574 0.00038410152774304157 0.022235563024878505 0.35384629666805273 0.045419214293360717
decision_type=2 2 2 2 2 2 2 2
left_child=7 2 -2 4 -4 -6 -5 -1
right_child=1 -3 3 6 5 -7 -8 -9
leaf_value=-0.048676171817427859 -0.014997210473046352 0.038972046471937083 0.019202036239559364 0.026205804019517762 0.0072344265009458165 -0.022833012382075166 0.0089013939480894113 -0.029489676524221509
leaf_weight=15.549100518226625 10.601133860647677 13.048801928758619 8.2925520613789576 11.761808991432192 9.0911206007003802 10.01832080632448 15.207510367035864 2.3643112778663626
leaf_count=349 78 70 55 49 58 67 66 38
internal_value=-0.000299269 0.0103131 0.00442943 0.00832955 0 -0.00830525 0.0167018 -0.0465992
internal_weight=95.9347 78.0212 64.9724 54.3713 27.402 19.1094 26.9693 17.9134
internal_count=830 443 373 295 180 125 115 387
is_linear=0
shrinkage=0.05


end of trees

feature_importances:
cooccurrence_score=117
region_fit=35
age_group_fit=31
known_hobby_compatibility=22
popularity_prior=16
occupation_fit=12
novelty_bonus=2
mismatch_penalty=1

parameters:
[boosting: gbdt]
[objective: binary]
[metric: auc]
[tree_learner: serial]
[device_type: cpu]
[data_sample_strategy: bagging]
[data: ]
[valid: ]
[num_iterations: 500]
[learning_rate: 0.05]
[num_leaves: 31]
[num_threads: -1]
[seed: 42]
[deterministic: 0]
[force_col_wise: 0]
[force_row_wise: 0]
[histogram_pool_size: -1]
[max_depth: -1]
[min_data_in_leaf: 50]
[min_sum_hessian_in_leaf: 0.001]
[bagging_fraction: 1]
[pos_bagging_fraction: 1]
[neg_bagging_fraction: 1]
[bagging_freq: 0]
[bagging_seed: 400]
[bagging_by_query: 0]
[feature_fraction: 1]
[feature_fraction_bynode: 1]
[feature_fraction_seed: 30056]
[extra_trees: 0]
[extra_seed: 12879]
[early_stopping_round: 0]
[early_stopping_min_delta: 0]
[first_metric_only: 0]
[max_delta_step: 0]
[lambda_l1: 0.1]
[lambda_l2: 0.1]
[linear_lambda: 0]
[min_gain_to_split: 0]
[drop_rate: 0.1]
[max_drop: 50]
[skip_drop: 0.5]
[xgboost_dart_mode: 0]
[uniform_drop: 0]
[drop_seed: 17869]
[top_rate: 0.2]
[other_rate: 0.1]
[min_data_per_group: 100]
[max_cat_threshold: 32]
[cat_l2: 10]
[cat_smooth: 10]
[max_cat_to_onehot: 4]
[top_k: 20]
[monotone_constraints: ]
[monotone_constraints_method: basic]
[monotone_penalty: 0]
[feature_contri: ]
[forcedsplits_filename: ]
[refit_decay_rate: 0.9]
[cegb_tradeoff: 1]
[cegb_penalty_split: 0]
[cegb_penalty_feature_lazy: ]
[cegb_penalty_feature_coupled: ]
[path_smooth: 0]
[interaction_constraints: ]
[verbosity: -1]
[saved_feature_importance_type: 0]
[use_quantized_grad: 0]
[num_grad_quant_bins: 4]
[quant_train_renew_leaf: 0]
[stochastic_rounding: 1]
[linear_tree: 0]
[max_bin: 255]
[max_bin_by_feature: ]
[min_data_in_bin: 3]
[bin_construct_sample_cnt: 200000]
[data_random_seed: 175]
[is_enable_sparse: 1]
[enable_bundle: 1]
[use_missing: 1]
[zero_as_missing: 0]
[feature_pre_filter: 1]
[pre_partition: 0]
[two_round: 0]
[header: 0]
[label_column: ]
[weight_column: ]
[group_column: ]
[ignore_column: ]
[categorical_feature: 12]
[forcedbins_filename: ]
[precise_float_parser: 0]
[parser_config_file: ]
[objective_seed: 16083]
[num_class: 1]
[is_unbalance: 0]
[scale_pos_weight: 1]
[sigmoid: 1]
[boost_from_average: 1]
[reg_sqrt: 0]
[alpha: 0.9]
[fair_c: 1]
[poisson_max_delta_step: 0.7]
[tweedie_variance_power: 1.5]
[lambdarank_truncation_level: 30]
[lambdarank_norm: 1]
[label_gain: ]
[lambdarank_position_bias_regularization: 0]
[eval_at: ]
[multi_error_top_k: 1]
[auc_mu_weights: ]
[num_machines: 1]
[local_listen_port: 12400]
[time_out: 120]
[machine_list_filename: ]
[machines: ]
[gpu_platform_id: -1]
[gpu_device_id: -1]
[gpu_use_dp: 0]
[num_gpu: 1]

end of parameters

pandas_categorical:null
